ciez1_masa m 1 g
227
227
227
226
227
227
227
227
227
227
ciez2_masa m 1 g
336
336
336
336
336
336
337
336
336
336
okres1 T 0.01 s
2.52
2.83
2.74
2.39
2.37
2.25
2.50
2.59
2.44
2.50
2.65
2.66
2.78
2.78
2.72
2.44
2.63
2.50
okres2 T 0.01 s
3.50
3.62
3.50
3.44
3.46
3.21
3.28
3.60
3.42
3.58
3.30
3.64
3.44
3.37
3.50
3.53
3.50
3.50
okres3 T 0.01 s
4.87
4.78
4.94
4.91
5.05
5.06
4.87
4.95
5.07
4.93
4.97
5.05
4.96
4.95
5.03
5.09
4.85
5.00
okres4 T 0.01 s
6.03
6.00
5.87
5.86
6.04
5.97
6.00
5.97
6.09
5.94
5.94
5.94
5.95
5.98
5.88
5.81
5.97
5.88
sym1 T 0.01 s
8.28
8.47
8.35
8.38
8.40
8.41
8.43
8.52
8.36
8.29
8.41
8.34
8.49
8.42
8.37
8.26
8.57
8.41
asym T 0.01 s
7.13
7.12
7.22
7.03
7.19
7.25
7.07
7.18
7.25
7.08
7.13
7.11
7.21
7.15
7.16
7.15
7.05
7.09
koniec (!!!!)